%YAML:1.0
---
oculusToOptitrack: !!opencv-matrix
   rows: 3
   cols: 3
   dt: d
   data: [ -9.9005133754655061e-01, 4.3651028051722676e-02,
       3.4783319109410260e-01, -3.5985392055055354e-02,
       -9.8726504637701551e-01, 7.1877373006030554e-01,
       6.0622975037181873e-03, -1.2825512499355437e-03, 1. ]
optitrackToOculus: !!opencv-matrix
   rows: 3
   cols: 3
   dt: d
   data: [ -1.0074864139839868e+00, -4.5042407354964939e-02,
       3.8281251350542816e-01, 4.1207599921094962e-02,
       -1.0134279268941493e+00, 7.1409200018310703e-01,
       6.1605332313107424e-03, -1.0267127806881540e-03, 1. ]
